1100792
1100793
1100794
1100795
1100796
1100797
1100798
1101001
1101002
1101003
1101004
1101005
1101006
1101007
1101008
1101009
1101010
1101011
1101012
1101013
1101014
1101015
1101016
1101017
1101018
1101019
1101020
1101021
1101022
1101023
1101024
1101025
1101026
1101027
1101028
1101029
1101030
1101031
1101032
1101033
1101034
1101035
1101036
1101037
1101038
1101039
1101040
1101041
1101042
1101043
1101044
1101045
1101046
1101047
1101048
1101049
1101050
1101051
1101052
1101053
1101054
1101055
1101056
1101057
1101058
1101059
1101060
1101061
1101062
1101063
1101064
1101065
1101066
1101067
1101068
1101069
1101070
1101071
1101072
1101073
1101074
1101075
1101076
1101077
1101078
1101079
1101080
1101081
1101082
1101083
1101084
1101085
1101086
1101087
1101088
1101089
1101090
1101091
1101092
1101093
1101094
1101095
1101096
1101097
1101098
1101099
1101100
1101101
1101102
1101103
1101104
1101105
1101106
1101107
1101108
1101109
1101110
1101111
1101112
1101113
1101114
1101115
1101116
1101117
1101118
1101119
1101120
1101121
1101122
1101123
1101124
1101125
1101126
1101127
1101128
1101129
1101130
1101131
1101132
1101133
1101134
1101135
1101136
1101137
1101138
1101139
1101140
1101141
1101142
1101143
1101144
1101145
1101146
1101147
1101148
1101149
1101150
1101151
1101152
1101153
1101154
1101155
1101156
1101157
1101158
1101159
1101160
1101161
1101162
1101163
1101164
1101165
1101166
1101167
1101168
1101169
1101170
1101171
1101172
1101173
1101174
1101301
1101303
1101304
1101305
1101306
1101307
1101308
1101309
1101310
1101311
1101312
1101313
1101314
1101315
1101316
1101317
1101318
1101320
1101321
1101322
1101323
1101324
1101325
1101326
1101327
1101385
1101387
1101391
