1101397
1101398
1101399
1101400
1101401
1101402
1101403
1101404
1101405
1101406
1101407
1101408
1101409
1101410
1101411
1101412
1101413
1101414
1101415
1101416
1101417
1101418
1101419
1101420
1101421
1101422
1101423
1101424
1101425
1101426
1101427
1101428
1101429
1101430
1101431
1101432
1101433
1101434
1101435
1101436
1101437
1101438
1101439
1101440
1101441
1101442
1101443
1101444
1101445
1101446
1101447
1101448
1101449
1101450
1101451
1101452
1101453
1101454
1101455
1101456
1101457
1101458
1101459
1101460
1101461
1101462
1101463
1101464
1101465
1101466
1101467
1101468
1101469
1101470
1101471
1101472
1101473
1101474
1101475
1101476
1101477
1101478
1101479
1101480
1101481
1101482
1101483
1101484
1101485
1101486
1101487
1101488
1101489
1101490
1101491
1101492
1101493
1101494
1101495
1101496
1101497
1101498
1101499
1101500
1101501
1101502
1101503
1101504
1101505
1101506
1101507
1101508
1101509
1101510
1101511
1101512
1101513
1101514
1101515
1101516
1101517
1101518
1101519
1101520
1101521
1101522
1101523
1101524
1101525
1101526
1101527
1101528
1101529
1101530
1101531
1101532
1101533
1101534
1101535
1101536
1101537
1101538
1101539
1101540
1101541
1101542
1101543
1101544
1101545
1101546
1101547
1101548
1101549
1101550
1101551
1101552
1101553
1101554
1101555
1101556
1101557
1101558
1101559
1101560
1101561
1101562
1101563
1101564
1101565
1101566
1101567
1101568
1101569
1101570
1101571
1101572
1101573
1101574
1101575
1101576
1101577
1101578
1101997
1101998
1101999
1102000
1102001
1102002
1102003
1102004
1102005
1102006
1102007
1102008
1102009
1102010
1102011
1102012
1102013
1102014
1102015
1102016
1102017
1102018
1102019
1102020
1102021
1102022
1102024
1102025
1102027
1102028
1102029
1102031
1102032
1102033
1102036
