1102169
1102170
1102171
1102172
1102173
1102174
1102175
1102176
1102177
1102178
1102179
1102180
1102181
1102182
1102183
1102184
1102185
1102186
1102187
1102188
1102189
1102190
1102191
1102192
1102193
1102194
1102195
1102196
1102197
1102198
1102199
1102200
1102201
1102202
1102203
1102204
1102205
1102206
1102207
1102208
1102209
1102210
1102211
1102212
1102213
1102214
1102215
1102216
1102217
1102218
1102219
1102220
1102221
1102222
1102223
1102224
1102225
1102226
1102227
1102228
1102229
1102230
1102231
1102232
1102233
1102234
1102235
1102236
1102237
1102238
1102239
1102240
1102241
1102242
1102243
1102244
1102245
1102246
1102247
1102248
1102249
1102250
1102251
1102252
1102253
1102254
1102255
1102256
1102257
1102258
1102259
1102260
1102261
1102262
1102263
1102264
1102265
1102266
1102267
1102268
1102269
1102270
1102271
1102272
1102273
1102274
1102275
1102276
1102277
1102278
1102279
1102280
1102281
1102282
1102283
1102284
1102285
1102286
1102287
1102288
1102289
1102290
1102291
1102292
1102293
1102294
1102295
1102296
1102297
1102298
1102299
1102300
1102301
1102302
1102303
1102304
1102305
1102306
1102307
1102308
1102309
1102310
1102311
1102312
1102313
1102314
1102315
1102316
1102317
1102318
1102319
1102320
1102321
1102322
1102323
1102324
1102325
1102326
1102327
1102328
1102329
1102330
1102331
1102332
1102333
1102334
1102335
1102336
1102337
1102338
1102339
1102340
1102341
1102342
1102343
1102344
1102345
1102346
1102347
1102348
1102349
1102350
1102351
1102352
1102353
1102354
1102355
1102356
1102357
1102358
1102359
1102360
1102361
1102362
1102363
1102364
1102365
1102366
1102367
1102368
1102369
1102370
1102371
1102372
1102373
1102374
1102375
1102376
1102377
1102378
1102379
1102380
1102381
1102382
1102383
1102384
1102385
1102386
1102387
1102388
1102389
1102390
1102391
1102392
1102393
1102394
1102395
1102396
1102397
1102398
1102399
1102400
1102401
1102402
1102403
1102404
1102405
1102406
1102407
1102408
1102683
1102686
1102687
1102688
1102689
1102690
1102691
1102692
1102693
1102694
1102695
1102696
1102697
1102698
1102699
1102700
1102701
1102702
1102703
1102706
1102707
1102708
1102709
1102710
1102711
1102712
1102713
1102716
1102717
1102718
1102721
1102722
1102723
1102724
1102726
1102727
1102728
1102731
1102732
