1102760
1102761
1102762
1102763
1102764
1102765
1102766
1102767
1102768
1102769
1102770
1102771
1102772
1102773
1102774
1102775
1102776
1102777
1102778
1102779
1102780
1102781
1102782
1102783
1102784
1102785
1102786
1102787
1102788
1102789
1102790
1102791
1102792
1102793
1102794
1102795
1102796
1102797
1102798
1102799
1102800
1102801
1102802
1102803
1102804
1102805
1102806
1102807
1102808
1102809
1102810
1102811
1102812
1102813
1102814
1102815
1102816
1102817
1102818
1102819
1102820
1102821
1102822
1102823
1102824
1102825
1102826
1102827
1102828
1102829
1102830
1102831
1102832
1102833
1102834
1102835
1102836
1102837
1102838
1102839
1102840
1102841
1102842
1102843
1102844
1102845
1102846
1102847
1102848
1102849
1102850
1102851
1102852
1102853
1102854
1102855
1102856
1102857
1102858
1102859
1102860
1102861
1102862
1102863
1102864
1102865
1102866
1102867
1102868
1102869
1102870
1102871
1102872
1102873
1102874
1102875
1102876
1102877
1102878
1102879
1102880
1102881
1102882
1102883
1102884
1102885
1102886
1102887
1102888
1102889
1102890
1102891
1102892
1102893
1102894
1102895
1102896
1102897
1102898
1102899
1102900
1102901
1102902
1102903
1102904
1102905
1102906
1102907
1102908
1102909
1102910
1102911
1102912
1102913
1102914
1102915
1102916
1102917
1102918
1102919
1102920
1102921
1102922
1102923
1102924
1102925
1102926
1102927
1102928
1102929
1102930
1102931
1102932
1102933
1102934
1102935
1102936
1102937
1102938
1102939
1102940
1102941
1102942
1102943
1102944
1102945
1102946
1102947
1102948
1102949
1102950
1102951
1102952
1102953
1102954
1102955
1102956
1102957
1102958
1102959
1102960
1102961
1102962
1102963
1102964
1102965
1102966
1102967
1102968
1102969
1102970
1102971
1102972
1102973
1102974
1102975
1102976
1102977
1102978
1102979
1102980
1102981
1102982
1102983
1102984
1102985
1102986
1102987
1102988
1102989
1102990
1102991
1102992
1102993
1102994
1102995
1102996
1102997
1102998
1102999
1103372
1103373
1103374
1103375
1103376
1103377
1103378
1103379
1103380
1103381
1103382
1103383
1103384
1103385
1103386
1103387
1103388
1103389
1103390
1103391
1103392
1103393
1103394
1103395
1103397
1103398
1103399
