33676
33776
33787
34519
33713
33738
34527
33750
33720
33777
34652
34663
33798
33761
33716
34516
33799
33686
33793
33698
33795
33783
33670
33778
34528
33781
34659
33688
33694
33740
33775
33794
34664
33697
34501
33764
33709
34645
33733
33779
34668
33696
33756
34671
34662
33757
33687
33780
33786
34660
33706
34505
33753
33680
33735
33721
33773
34529
33695
34513
34504
33752
34499
34531
33728
34533
34509
34667
33700
33782
33692
34510
33760
34647
34518
33710
33766
33734
33768
33718
33770
34650
33758
33729
33765
33789
33702
34666
33693
33774
33674
34511
33726
33759
34508
33671
34495
34665
33743
33724
33690
33791
33769
33723
34658
33754
33717
33711
33685
33751
33739
33749
34498
34646
33708
33730
34521
34506
33675
33771
33790
33679
34661
34512
33746
33689
33699
33725
33763
34532
33772
34497
33796
34520
33678
33747
34644
34670
33736
33681
33748
33762
33701
33800
34523
34500
33714
33792
33788
34656
34649
34655
33672
33741
33744
33712
34653
33784
33691
33703
34496
34657
33797
33673
34526
33767
33715
34648
33722
33704
33727
33755
33745
34651
33684
34517
33737
33785
34507
33719
34669
33669
33682
33683
33732
33731
33742
33707
33705
33677
34654
