34996
35011
34916
34965
34895
34941
35598
34991
35607
35620
34906
34892
34972
34928
35605
35648
35654
35035
34937
34980
35012
34907
35647
34934
34924
34983
34984
35658
34893
34896
34870
34877
34887
34894
34990
34943
34878
35006
35020
35668
34863
34966
34899
35667
34999
34978
35000
35013
34910
34954
34926
34970
35034
34950
34920
34875
35609
34982
34859
34956
34879
35008
34888
34938
34936
34867
34994
35007
35024
35004
35015
35026
35652
35618
34868
35595
34914
35029
34874
34945
34886
34881
35596
34951
34909
34958
34930
34979
35018
34927
35613
34858
34882
34977
34873
34942
35653
35036
34947
35659
35615
35669
35599
35025
34923
35005
34860
34969
34871
34921
34900
34952
35608
35664
34997
34901
35619
35033
34884
35674
34865
34931
34989
35606
34922
35616
35663
34957
34933
34949
35612
35662
34908
34929
35014
34885
35031
34968
34861
34959
34992
34917
34944
34889
35001
34913
34964
35021
34902
35672
35673
35003
34948
35028
34955
35649
35600
35611
34903
34891
34872
35019
34856
35594
35032
34857
35597
34962
34940
34975
34998
34919
35027
35614
34905
34880
34935
34985
34986
34987
35022
35657
34973
35010
34912
34976
34993
34961
35017
34864
35610
34963
35601
34866
34915
34898
34971
