36078
36095
36826
36055
36873
36843
36113
36057
36166
36061
36099
36132
36049
36075
36106
36039
36060
36097
36145
36875
36051
36089
36041
36122
36136
36851
36139
36853
36072
36159
36844
36109
36151
36163
36152
36161
36083
36810
36863
36872
36870
36118
36164
36852
36054
36112
36813
36111
36869
36802
36150
36052
36801
36158
36063
36127
36067
36135
36156
36827
36811
36070
36042
36108
36065
36862
36058
36924
36803
36849
36848
36155
36105
36086
36092
36056
36836
36124
36128
36841
36162
37051
36053
36141
36830
36856
36047
36120
36143
36119
36169
36129
36103
36107
36825
36874
36087
36842
36080
36101
36149
36147
36807
36116
36153
36074
36114
36138
36845
36864
36098
36148
36868
36091
36839
36871
36805
36865
36133
36064
36168
36126
36100
36866
36809
36040
36073
36076
36110
36812
36044
36160
36142
36069
36084
36115
36170
36130
36121
36104
36835
36140
36838
36082
36045
36134
36146
36071
36048
36167
36925
36050
36094
36088
36079
36837
36808
36840
36923
36068
36846
36085
36125
36131
36081
36102
36062
36066
36090
36833
36117
36867
36137
36059
36043
36820
36157
36165
36096
36847
36093
36046
36123
36154
36144
36850
36806
36077
