38188
37077
37964
38184
37165
37164
37171
37099
37937
37096
37111
37070
37098
37177
37133
37127
37185
37152
37146
37162
37122
37189
37094
37929
38193
37194
37114
37130
37960
37963
37953
37134
37128
37156
37952
37947
37072
37948
37108
37187
37198
37079
37178
37946
37124
38185
37941
37172
37102
37139
37081
37103
37197
37078
37169
37151
37180
37966
38195
37175
37086
37137
38196
37106
37157
37950
37190
37116
37075
37173
37196
37949
37092
37119
37161
37200
37110
37144
38201
37082
37142
37160
37182
37939
37149
37148
37168
37107
38192
38198
38187
37957
37174
37150
37170
37143
38186
37195
37091
37959
37163
37100
37132
37936
37120
37089
37153
37965
37131
38191
37121
37087
37083
37159
38197
37934
37188
37945
37933
37954
37104
37101
37167
37136
37935
38189
37184
37951
37183
37109
37090
37138
37140
38190
37201
37073
37093
37192
37085
37123
37112
37113
37097
37927
38194
37179
37074
37129
37191
37932
37943
37126
37076
37088
37155
37125
37958
37166
37176
37199
38200
37154
37115
37186
37095
37105
37071
37181
37928
37926
37930
38199
37080
37141
37147
37118
37084
37117
37931
37193
37145
37135
37158
